line
250 300 100 350 300 150
line
400 300 250 350 300 150
line
400 300 250 350 300 350
line
350 300 350 250 300 400
line
250 300 400 150 300 350
line
150 300 350 100 300 250
line
100 300 250 150 300 150
line
150 300 150 250 300 100
line
250 300 100 250 250 75
line
400 300 250 437.5 250 250
line
350 300 150 375 250 125
line
350 300 350 375 250 375
line
250 300 400 250 250 437.5
line
150 300 350 125 250 375
line
100 300 250 62.5 250 250
line
150 300 150 125 250 125
ident
move
-250 -300 -250
scale
0.8 1 0.8
move
250 300 250
apply
display
line
250 250 100 350 250 150
line
400 250 250 350 250 150
line
400 250 250 350 250 350
line
350 250 350 250 250 400
line
250 250 400 150 250 350
line
150 250 350 100 250 250
line
100 250 250 150 250 150
line
150 250 150 250 250 100
line
250 250 100 250 0 250
line
350 250 150 250 0 250
line
400 250 250 250 0 250
line
350 250 350 250 0 250
line
250 250 400 250 0 250
line
150 250 350 250 0 250
line
100 250 250 250 0 250
line
150 250 150 250 0 250
display
ident
rotate
x -20
apply
display
save
pic.png